253
162
280
301
234
315
232
197
276
318
362
349
153
198
209
248
317
222
220
299
373
302
300
201
211
295
140
327
226
182
184
232
201
260
377
310
347
230
367
197
288
297
81
205
124
247
362
261
225
177
184
252
114
281
134
402
187
333
373
296
271
254
239
86
238
256
224
253
193
181
241
144
293
234
268
194
257
368
203
184
339
234
195
267
123
137
158
297
123
231
387
230
374
295
199
333
223
272
154
310
318
217
300
197
207
204
193
322
310
178
246
215
169
275
136
185
315
321
346
261
247
237
253
243
253
334
213
157
222
381
301
287
251
268
311
287
210
248
197
165
214
316
203
224
197
322
176
209
245
262
226
226
233
350
214
339
220
103
192
205
181
242
140
248
268
154
202
275
210
389
323
251
201
199
187
274
300
230
245
146
227
235
225
225
233
294
205
288
171
128
285
190
220
252
213
275
173
217
107
270
281
220
214
163
195
235
326
249
151
202
262
300
277
371
259
141
341
206
345
172
264
233
273
298
280
335
202
276
181
257
143
210
315
305
266
210
322
221
166
327
269
195
281
246
182
105
171
164
317
200
249
272
360
246
214
213
267
190
97
175
271
230
306
211
76
224
354
374
407
307
371
221
188
258
282
235
270
331
269
342
267
245
256
111
308
290
164
300
152
303
270
202
295
292
260
206
240
238
293
200
255
300
319
233
242
295
290
254
201
291
309
201
149
196
380
242
213
262
271
315
215
211
232
294
214
176
253
217
104
122
217
175
294
366
310
182
238
285
210
152
212
281
199
240
270
191
226
370
227
248
289
285
326
249
377
271
248
273
269
300
72
224
327
235
179
229
162
292
312
286
144
299
211
347
186
332
254
187
249
293
246
128
236
288
246
261
285
276
218
191
186
212
182
201
167
262
218
178
318
242
172
272
308
259
223
340
271
305
252
271
223
247
242
213
178
327
276
308
421
304
186
163
178
227
207
139
229
220
290
257
307
177
193
256
207
248
185
276
194
133
194
225
263
226
322
249
231
253
141
163
364
279
247
373
245
214
133
342
396
300
261
307
189
153
247
322
107
257
140
230
184
319
177
178
324
327
174
343
138
289
264
241
268
263
291
325
263
330
224
355
301
283
228
279
125
200
113
311
247
251
174
234
180
194
353
265
310
147
298
303
229
233
234
136
284
302
319
280
287
246
218
235
219
255
235
322
270
251
290
195
168
258
342
250
219
247
171
349
377
221
237
194
231
233
218
153
239
304
301
400
260
211
275
287
212
281
349
212
345
170
292
253
274
162
245
265
256
203
296
113
183
154
207
189
242
229
206
191
229
361
272
288
347
260
218
212
224
145
185
311
204
280
247
242
220
169
224
266
239
238
202
88
310
148
242
302
214
259
255
190
256
208
144
244
355
238
170
291
210
221
182
221
227
294
84
184
346
255
252
207
286
351
191
290
150
277
190
353
96
300
249
275
300
218
205
238
262
315
252
122
261
184
328
348
249
209
98
280
298
352
230
180
167
340
280
280
192
244
210
233
203
335
384
222
217
118
265
218
139
171
190
240
247
236
214
171
160
306
272
127
255
177
281
299
270
279
224
262
195
311
227
158
188
278
167
260
283
227
256
234
221
275
217
203
182
212
216
250
279
209
356
286
242
244
186
230
198
122
277
285
244
211
235
89
253
343
220
296
237
80
274
193
340
224
142
355
293
440
160
205
168
254
241
201
406
246
274
183
267
311
239
256
184
179
174
128
313
188
334
280
297
316
366
219
267
161
168
238
211
210
259
260
234
338
207
258
307
287
210
341
153
213
239
267
302
251
245
198
281
141
301
321
269
371
248
226
292
155
218
196
291
135
198
217
381
107
249
196
135
237
332
270
334
276
334
204
261
272
168
286
374
212
228
297
333
167
162
314
221
229
329
215
296
259
366
195
186
340
315
202
241
243
270
269
258
192
249
338
285
124
231
278
265
211
244
308
317
198
176
137
209
201
179
257
324
376
308
349
310
236
298
279
199
189
231
242
233
261
155
167
226
302
335
307
343
298
224
210
188
239
298
151
163
320
166
240
237
212
133
290
281
98
293
204
179
169
173
319
238
266
237
153
324
168
309
182
190
255
116
273
170
209
160
321
277
184
235
239
236
268
279
289
137
194
203
250
257
317
278
262
200
263
267
286
132
308
258
141
154
234
197
286
236
187
256
172
243
153
154
207
266
147
191
186
136
263
266
257
213
221
241
239
206
173
183
311
177
362
351
249
306
165
378
284
243
284
294
358
197
193
